-3.41722;7.60198;0
-10.428;8.7988;0
-9.34334;8.89125;0
6.37945;-5.03568;1
-7.12502;-7.63385;2
-7.20592;5.89338;0
-5.43732;-4.42249;2
6.1186;-6.54609;1
-10.0594;9.63025;0
6.52606;2.14775;3
6.39989;-4.78165;1
-7.55965;-6.64786;2
-8.40887;8.92902;0
-6.63855;-8.63383;2
6.13499;-6.81243;1
-7.96995;-6.12845;2
2.72111;1.94666;3
-2.62485;8.71318;0
-8.13717;10.3575;0
6.04267;0.57132;3
-10.9085;11.2297;0
-6.26417;-5.58052;2
-9.61115;7.0867;0
-5.79658;-5.82631;2
3.57758;2.44676;3
-6.66553;-8.12585;2
-3.66019;9.38998;0
-6.70645;-6.49479;2
2.1193;4.75661;3
-9.1536;8.08249;0
-4.67636;-5.45027;2
2.01005;3.2642;3
-8.33334;8.18928;0
7.70728;-7.51196;1
4.58141;-5.84234;1
-6.62913;-6.53366;2
-2.58121;10.0178;0
3.64934;1.40687;3
-1.4782;9.94557;0
-6.40639;-6.95294;2
2.64642;4.7898;3
-6.95673;-6.53896;2
2.5694;3.95926;3
-9.50011;8.17596;0
4.73953;1.46969;3
-2.17793;9.98983;0
4.64499;1.73858;3
-8.32328;11.1763;0
7.01545;-6.6931;1
-8.32329;7.83731;0
4.73164;-0.0144;3
5.11474;-4.47554;1
-2.96984;10.0714;0
-3.05358;9.12521;0
-9.0909;6.07574;0
-6.69438;7.95744;0
6.54182;-6.78846;1
-7.85431;-6.09302;2
-2.98837;8.82863;0
-7.11985;-7.75416;2
-7.39851;8.5899;0
-6.25396;-7.73727;2
6.98117;-6.5017;1
-8.71599;9.58154;0
-7.01007;-7.41346;2
4.44752;2.27472;3
-6.09304;-6.38215;2
3.18041;4.95311;3
-8.77405;6.24578;0
-7.76914;-7.69592;2
2.22136;3.56123;3
2.83516;4.79108;3
5.43091;1.06378;3
-7.10309;-6.16611;2
7.36047;-6.87786;1
6.58617;-4.79808;1
5.22674;4.16363;3
5.7827;2.7251;3
-6.71617;8.35599;0
-3.18612;9.62596;0
-8.15207;5.71081;0
6.19879;-5.13037;1
8.7096;-3.99788;1
-6.31498;-7.16286;2
3.93783;1.64551;3
-8.73065;9.23826;0
-9.49063;8.62519;0
-2.14756;8.36917;0
4.70011;4.43641;3
5.34438;-5.08355;1
-2.54502;10.5789;0
-9.56869;7.53998;0
-4.84038;-5.793;2
-9.69707;9.79991;0
6.0952;-6.9511;1
1.58226;4.29219;3
-7.07287;7.7285;0
-11.7122;8.87244;0
-6.894;-6.90773;2
-9.60682;9.10954;0
-6.60294;-6.05293;2
-8.89817;8.99698;0
-7.06323;-6.11793;2
-9.31026;8.41247;0
-1.68665;7.79344;0
4.29716;1.17089;3
-7.76207;-5.76894;2
3.18546;4.17168;3
-5.86258;-7.30947;2
-9.2774;10.8736;0
-2.44167;7.58954;0
3.60832;2.92364;3
1.20408;6.25384;3
-6.37147;-4.85197;2
-8.63789;8.82129;0
-6.60245;-7.23947;2
5.68393;-5.06717;1
-6.28613;-7.19319;2
4.936;2.23422;3
-3.61553;7.81808;0
-10.3577;6.83929;0
6.11777;1.4549;3
-8.39451;8.09816;0
-9.63085;7.20879;0
5.46559;-7.79245;1
-1.69667;10.3705;0
-4.23412;8.452;0
3.22451;1.55252;3
6.76915;-5.23878;1
-8.03291;-5.78855;2
4.94547;-5.80877;1
1.43294;5.01105;3
6.53431;-4.5154;1
-9.55363;8.00312;0
-6.95589;-7.1959;2
2.0014;4.27878;3
-7.02612;-5.76131;2
-5.74933;-5.5744;2
-8.07093;-6.22356;2
-9.5638;9.8962;0
-7.43513;8.63085;0
-4.71853;-6.58095;2
-8.48711;-6.69548;2
-7.95052;-6.39764;2
3.29997;3.56988;3
-9.17538;8.83447;0
8.27747;-7.13332;1
4.72693;1.67416;3
-8.79276;6.67192;0
-1.77073;9.18565;0
-9.26559;8.57097;0
2.13582;4.82358;3
-6.61974;-6.09829;2
-3.28462;-5.21233;2
-10.3067;9.18475;0
1.01628;2.94726;3
-6.94027;-5.57652;2
4.60517;0.80449;3
1.19331;3.60127;3
2.70425;3.85118;3
7.03292;-5.78591;1
5.66313;-5.24917;1
-3.34842;8.70507;0
-10.216;6.3857;0
-9.76526;7.264;0
-5.12894;9.83619;0
-10.3474;9.54859;0
-9.32369;7.4054;0
4.11012;2.48644;3
-10.4867;9.89012;0
6.6541;-5.70624;1
2.76959;4.77182;3
-9.06896;10.9309;0
4.24777;0.50965;3
-7.72642;-8.39496;2
1.04079;4.62356;3
7.29423;-4.38459;1
2.34647;4.03131;3
7.82815;-5.6857;1
-7.57142;6.61585;0
-6.86663;-5.42658;2
-7.87869;-4.96504;2
-10.4105;9.64188;0
5.58123;-5.8956;1
-2.1478;10.5523;0
4.93572;-4.39935;1
-3.83738;9.21115;0
-6.52367;5.45626;0
-2.52269;7.95658;0
-6.58655;-7.59446;2
-7.76348;-6.72638;2
5.05443;-6.35259;1
3.08922;2.04173;3
1.80462;5.26023;3
-7.23912;-7.71471;2
4.73696;2.94181;3
-7.01414;-6.81904;2
4.42021;2.33028;3
-5.72103;-7.70079;2
-8.61319;9.25114;0
4.15533;2.20936;3
-10.0992;8.24138;0
-10.0386;6.98902;0
-6.05757;-4.98332;2
-5.78694;-6.02066;2
-9.24655;11.2744;0
3.72045;3.5231;3
-6.35769;-6.58312;2
4.89743;1.89872;3
-6.52184;-6.31933;2
-6.82142;-8.02308;2
-10.4138;9.07681;0
-7.40075;-6.52225;2
3.32778;4.18246;3
2.9219;4.46875;3
8.2;-5.63754;1
-3.10984;8.72259;0
-3.98772;8.29444;0
-5.01385;-6.40628;2
-7.88433;7.97491;0
3.85663;1.65111;3
-6.65217;-5.57297;2
-7.14428;-4.15994;2
-6.47583;-6.55288;2
-11.0364;7.99073;0
-2.30033;7.05462;0
3.46357;2.72559;3
-9.60733;8.39567;0
1.87052;4.74977;3
2.84772;4.97496;3
-1.04355;8.78851;0
-3.1109;10.8666;0
-9.36422;9.41079;0
2.0921;3.77614;3
-9.51251;8.72104;0
-3.52203;9.32853;0
-6.49142;-7.28745;2
-5.91625;-6.46733;2
-8.26744;8.45909;0
2.30329;3.53875;3
-12.0796;6.29914;0
3.83139;1.47141;3
5.55528;2.30192;3
5.4534;0.74231;3
2.37932;3.46854;3
-7.32614;-6.02371;2
-2.26724;7.10101;0
4.47859;2.37722;3
1.81418;3.66845;3
-10.8635;7.50998;0
-2.18511;8.6292;0
-4.39878;-6.29665;2
8.15121;-5.67912;1
-2.16558;7.25125;0
-8.11658;-8.20057;2
-9.31327;6.67019;0
